0100100110110110011000011110001000000101011011000001111111000100
0001000110111101100011000100110110111101001010000100100001001010
1100110001001000010110000000010101110110100010011110001100010011
1110110001001000001011111110000111110111001001000111011111000111
0101110011000000100010100100000111101000000010000001110111010010
1110010000111100010000100100111010111110001111111011011101100010
1010001111001100011001111110110110101010101111110111111100101110
0110011101110010111000101010010101010100001110010101110110100101
0111110000010001100011101010111011100001011100110100100101111110
0010000101111011101101010111100010100001100101101111000100110111
0100011101100011110011010010001000111111010010101101000100010111
1100011010010001100000010100110011010100001000101100010010110111
1000100110110111001001110001011011110110100000010011001011111111
1001000010111000110011000010000100011010010100001100010001001101
0110101101001111111100001111011110111001000011111010001101101011
0000011011100000010010000101010011011111001000111111111010100011
0001010101111110100110000101010110100101010001101011101110000010
1010001001110100110101110111110000110010111110001100011000000010
0100100010101011010100011110001000100101000010110111010110000100
0101101100001001111111000111110001110001111001011001001000011101
0101010001110011001010011010111000100000011111100101000101010110
1000011100001100000010111110001011101001011000000010100111000001
1001101110101111010000011100110111011000000011010001000100001000
0011001000000100000100111001100010011101110010111100010001100000
0011101001110011000101010110000000111000111100011101010101101010
1110011010101111100100001010110110111011000101100100101100001110
0010001110100101010110111110110100010001010111101100110010011100
0100010010101001111011100111110111100101001011101000111011110011
1110111110001011101101001101101001001001000110001000100110110111
1000011101111000100000011011100001000011001101100001000110111011
1111101011110111110110000011111000110001110110111001010001001010
0110011000010101111110010000111110011111001000100000010011011111