00000101001100011010111011011001
11001011100100000011100111111000
00000100001001110011101110111000
11011010110110010110011111100011
10110011111011010100010101001111
01010011100001111000001011100011
10100111110001110011001101100001
00111001110111110110000100000000
11100010010000010000011111111100
00010111010100101100010110101001
11111111000010110000101101110011
11000100011000001100000100001000
01000111011011110001101101001111
00000101100111000110011000011011
10110000101111111000010101011000
10110011010110000101011101001100
01110010111101110101101001011010
01101101000100011010100000011110
11000101000110000010100011110000
00101010100010011110011110100011
00011111110011011111111101101101
01000001000011100110000111010010
11101001101111001111011000101110
00011011001001101100001100101000