1100111111001100010011111101010011110011111111000100101010101011110001110111100111100100111001101100101110110011111011110101110011100010001000100000111000001010100100100001010111111001000100110111101010010001001011010100001001111001101010110011100110000111
1100100101000110001100111101010100011010000101001000000010110001010001111110000111011011110101010111000101101110010000010010001000010011010100111111110100100111000000000000000001101111110010000010100001001110010000111100011011100100110000000011110111101110
1100101011101101100010001011000100000111110101110010010111000111100001010000010011010001010100010000010001100111011010110110110101011110101101010000100110000001101000101011100100100011111010101000000001011101100110111111100001001100110000111100000010000010
0100011000100110110010101011111101001011000100011111110101000100101001111100100100001011000101111101000000010001111101011000100110011011111110100001001000001100100110000000000100000000001000110100011110011110011101010110111001010110110110011100010011000101
1101011010100001110001010110100011010111100010110010101110001110101010100000000111101001010010000001100100101100110011010110100101000011110110000001011010011101001101001011111111011010100011100101011110111101011101100000110011110101100011011011111010011000
0010011110000111000001001100000101011001101101100001110000110101011000011011001000111111101100110010011110111111011110110011011100100101010100101100001101011111001001001101011110111111101110110101001101001000100001101001111101011010000100111001110100011011
0001101111011011000111100000001010000101010111101011100010110110111011000000010111111000000010011000010111111100000000100110101100100001100100010010101001011011001011100000001011101000110001111001111101110101101000100111001000001101011001110101110000111000
0000001110000001000111100101010100101100101101010101010000111010011000011010001100011001001001010011110110010011100111101001111111000101010101101000101000000111110000100111001110011111011011010000110101101111001000100100001110101111010101111101001010011101
1011100101000110100101111011000000001000100010100111000010011111100111011001010010010000101111110110100101010010101101000000001010010001100100011000000100110100001110001011110100000110110000110001100100110111011100001001100010000101111100001010100110101111
0000001001011011110010000111000011010111001101000001100010111111111100100011001010001011111100011101000011000001010010110101101110010001101100101011110001101101001110010000110010101100111011001110001110101101000001100000110010100110101101101111111010100111
0100000001110110101001001110000001001110100010011101011011101111000110111100000001000000100000011000010000001100011000000111010100100110010110011101111000010100010001011100010001110011001101101000101111101010001001111110100011101100010101000111011110110111
1110111010011111011100010110001110011011110001101111001011000011000111101111001000111011010000011011011101110011011000000000111010100011101011100001101101110111111010101000000011001100000111010100110100100101111010001110011101010000010111011010001010001101
0111110011001000000010110001110110111010010100110010011110010001011101010010001011010011010010100111111100111101100111000100101101000111000110111011010101010001100011111000010010100011011100100101010110010011011101011111111111001111001011100111111111110011
1101100011100101000101011010010000111011110101010010100000100111011001010011101101101100101100000011000011001110010000010010110010100000000111100011011001110001110111100101010100010011000100101010111110010100011000101011000011110101101111011001001000101011
1010011110111100100010111101011000000011110110111110001010110001001011000001101011010011001111001110101001001100011000111101101111110010011010011011001111000001110111100001001100011100010000101000010110101010001111001101101111110110000101111010110001011111
1000101111101110001001111100010101101100001001110001110010110000000011010110100111001000011111011001111101110001011110101111000011111011110010001000000100011111011110101110101001100111001001111001111110111000011000011001110110000110110000101100001000001101
1101100100010101110010100010000000100110111010010011001010001000101010100010000100100111011001000010010011101101111010001100011011100000011111111111001011001110110101110101000110111000101100001011000001000111100111000011111100011000011010101100100000000101
1011101100101000001011101100100010110111001001101000110110010111010111100101111011000011001011011111100111101010110011001101011101110110001110110100001001010001111101111100100011000111010010011111000011000001000101111100011100011100100110011010111110001010
1010100100010010011000010010001111000101110001001010001100111010100011010100000010000001111010110001100010011011100011000010101011100111010010010101111111000101010110111111001110111011000110001110000111010011000111000000101110111000101010110001110100110010
1110111110001100010001111110000010000110001101001011010011011011010010110101101001010101010001000100010001101011010000001000000101010110011110000001101111011011011110010101010110000011101000100111001010001111100111111011111111110011000101011000110100000110
0011011000101101011100001000010010000011100100011100110001100010010110000010001001001110011100000000011100101010110110010011011111101000110110101000010001100100000100101011101101011000011110000000101101111000110110100100101000101011001101100010000110001111
1110111110011101001101001010000010011000001001111111000100100001111100010100110010001111001001110100100111101000110000000011111001010000101110010101010000011000110100010011100000001110101100100011100110001010111101110001101010010011101101111111101010001110
0000001000111011010100000010010111010110100101001110011010111001111100010110011110111100001001100001000001010101100001010100010001110010011101101111001011101001010101100101111100110101101110110010100011100000011011110111010110001010001011100010100000010101
1011010111110100010010011010110101100000001000010010001010000111011100001011110110011101010101001101010101001000110100100100001101001111000100111100011000110110111101100011010011011010101101110010010110100101011000000110101001100001001011010000100000100101
0101100001000100000110101010000001010101100100000010011101100100111100000110001110101000101011011001010111111001010100010100011000001110011101011110010001110101011011010100011101101101110100000011101100100110001001000100100101110011010001010101011111111110
0000000101000000100011001110110011000001100100010001011011111111000111011011100111110111001100011100110100100010000100110001110101110010111110000010111100010101111111011001110011100110001111100011000110110010000010000000001100111100001010010110110111011001
1111111100010111101100110001101101001100110000111010001010000110100101001010000100001100100001111111010011111001011101111111100001001011100000110110110010010000010100111010011000010001101000111110100111000011101111010110010001110110010111001011100010001010
1110001000101111111110111010111011111011101110010100100101001011000010100011010010101111011010000000000101101000000101100101100001001110111110011110010100000011010111001000110000100010010011100001101010101001111010110000010010110110011001100001111010110110
0110000000010100000001000100111010001000010101110111000101010111100100000010000000001110010101100001101011001000011110010010001111010001110011100100100001001000100110110010110001101101001111000111000000111110011100001101001001101111001110011011001011001110
0010010110111110011011010000111111010000110011111001010110100000110010111011110001000000100010111100011011111111010100101101111101101111001101100110110001101011110011011000101100000010110100010111101000110101111111111000101010000111011011111101010111100101
1111000010101011111101000110011011010101100100101000110100100000100000011001101000110110001010010100100110101100011110111110000010100000100010111110000010010101110010010110111011110101101001000110101100110001111100110000001011110100110100011110111110100010
0011100001001001101110110011010001100110000000111001110011001010000111001111110100101111001010110100100101101000100100111001101111101011101001101110000001001001110100011001110111111000001011011011000001111001110101000001101110110101101101101111110010000001
