00001000100011100011110001100100
11110111010111111010001100000011
00001000101110111111100111100010
01011110010101101000010110010010
00101000100101100010000010011011
11101100110011011101011010111011
10111111111100111000100100011001
10011011110110010110001010001100
10011100011010011110110111111000
10011010001000011000001000111110
11111110010101110010000110110101
11010001110010011001000000011101
11001000100000001111000001001010
11000010101111010010010010000000
11010101001011011101111011001011
01011001110010011001001010010011
11111110011011010001101010010010
00100000100010011111111111110000
00110100001100000101000010000010
00100110011110110011111000100001
00011100001001111001100110111000
10100000111000110000010101010010
01111000110111001100111001100010
00110101010011000001001001000001
10000110101111101100100001111001
11011111011100011000101001000011
00100010010111001101111010011010
10001110011010100011110110100110
00011001101101111001101011101101
01011100010011011101001000000101
11011101101110110010000100101101