0110001100100110101000110110011010111000110111001111010000010101
1001100011011101101110111011011111001010011100001100111011001101
0000100001001001011010100101001001001100000000111000101110011111
1001110000000000110110111000000001011100011001101101011001100000
0111001101011111101111110111011010101110011111101001111110011110
1111000110110010010001110101110011001000100100010110110110111110
1000000011110001001010100010101011100101110000111000001111111001
0011000010011111001101011000001001011010111111011101111110000001
0101100001001011000000011010010011101110000011100010110001101001
1111000000000100100011101111001111000001111101100010001000100110
1011000011000110011001011010101000010101110011000110001000001000
0011110011010000111001010010000110111101110101011101000101101100
0110001011101101000101000110011011000110010101010100001000000000
1001010011010110111100111011001110000001111011101001111110001001
0010010010110111011110101010101001100110001101000101101000011111
0001000011010000101010010011011100011100000100100000110110011000
0111011110001110010001111101001110011001000110010010010010100111
1101101100011011011110101101011010110110001100011010100111100100
1100010101110010011001011111001011110001110110000111101001101011
1010011000010111100011101111000111010001000110111011011001111011
1011011111010000001001101000111010110111001111000010011110110010
0000001000100100101011000001101010100101001010101101011001011111
0010010110100100001101110011001000001010100100110110111110010001
0010100001101001111110101010001101010111010100101101011101011011
0110111000111111110101101110011010111111100101001011110011111101
1001100000000000111110101000110100111010111010110000111111010111
0001110100010100111101110001001110001110010000011101001000100111
0101110101000011100010101010101011110011110001111101111110110011
0110001101101111110011110010110010110001101011000111011110110111
0101010011110001101000011110001101111110000001001101000100101000
1000111110100000001110010011100011011001010010011111101110000000
0010110111011010001000001111100100100000000010011010101100011100
0000110111000101011000101010001001001100000011011011000101001110