01010111110111010111001010000100
10001010010111101100001111010101
01001011000111110111110100011110
00101010110000111010001010000011
10000100001101011111110101010011
00110111010111101111110101001010
10100100111010001000000100010000
01100010100101111001000110000110
11111010101111010011011100110110
00001001100001000011011001011100
01110100110111010111011100110111
00010001011110001111111001011011
10111110111111001101000110001001
11101110111110010000101111000001
10100100001000001011111000000001
11001100101100101010000111001011
00101111111110111100001000111000
00001110100111011110111001110011
10000010000110111000011110110000
10010111010011110110100111110101