11100110100001000100100010110011
10000110010000010111111011101000
10110001110011110010101011100110
10001010110010111001001011100101
01100110110010110010001111000001
00110100010000011110101010111010
10010011100001100101001001001001
11111101010011010101010010100010
10100010100111000011011111101000
11000101011111100110010100100101
01111001000101110110000111001011
00000111000011011001010011110010
01110100101100001100100110000010
00000101110000110010001111011011
11100101111010000000110110101011
10001001101011010101100100110111
10110011011011111110001010010000
10101101111010101010101000111111
11110001101000111000100001001101
00010100110011011011111100110111
10101101000001010001001010010101
10010110100011101100011100111011
00101000010101110101001001011011
10011110101001100110110001000001
00100000000100000000111100110010
11010111101110110000000000000010
01011111101100111101101100100001
10000001011110011100011000100110
01000101000100101100011111101001
00101001010000000011010101010100
00111011000011000010111110100101
00111010101011110001101101100110